9149355840
7668662690
7678810876
8429676316
6396195748
6394134154
6389716396
8707660032
6392612655
9258265277
9065561818
6396446086
9670118669
7409311792
9369279261
7800170358
8923260633
7880897163
9675885310
7088054439
8756895335
6397416902
7533866539
8957002369
8709263187
8127285680
8887847239
9193446336
8755171790
9719448452
7905006074
7060733227
8581095278
6396988449
7480095172
7800010846
9027146669
8937017667
7462042470
8799021665
6392710997
9198169438
7388084819
9336921205
9628256698
8957679503
7091697134
9897528863
7505397164
8868852506
9389967327
9682479623
8576828183
9634107851
8433231606
9457846458
7830468385
8860972966
9758690105
9555677476
7310032411
9412440594
9336254203
9335051647
9758535441
7088337781
9838082120
6390316108
8859566981
7060602468
8630153241
9528547338
8791695484
9027312805